219
---
1
10
1 2 3 4 5 6 7 8 9 10

293
---
2
1 1 1 1 15
2 3 1 4 52

272
---
3
5
6
12

5 → "5"
6 → "10"
12 → "20"

10
36
37
42
100
216
1296
35
72
108
144

36 → 100
37 → 101
42 → 110
100 → 244
216 → 1000
1296 → 10000
35 → 55
72 → 200
108 → 300
144 → 400

223
---
4
4
6 7 8 9
10
0 8 9 7 0 1 8 9 0 2
1
0
1
1

11
1
0
1
7
5
0 0 0 0 0
5
3 1 4 1 5
6
0 1 2 3 4 5
6
1 2 3 4 5 0
7
1 2 3 0 4 5 6
10
1 2 3 0 4 5 6 7 8 9
10
1 2 3 0 0 4 5 6 0 7
12
0 1 0 2 0 3 0 4 0 5 0 6
10
1 2 3 4 5 6 7 8 9 10

1
10
1 2 3 4 5 6 7 8 9 10


3
7
1 2 3 0 4 5 6
3
1 0 1
12
1 2 3 4 5 6 7 0 2 5 2 5
